164
133
116
125
125
194
161
129
178
139
145
120
155
122
141
186
152
171
156
195
145
179
156
124
135
132
106
178
195
159
167
140
129
132
177
161
183
185
159
179
179
175
157
124
162
106
170
114
173
159
128
144
140
177
144
114
199
123
151
100
194
157
155
173
126
150
148
185
137
158
196
135
177
131
138
116
165
109
187
110
126
159
196
148
179
185
144
110
115
131
184
116
146
161
130
138
196
195
156
101
168
169
167
194
155
106
185
187
153
185
136
145
117
142
138
175
161
172
161
116
157
169
104
162
192
111
115
171
136
128
190
106
135
127
185
139
143
124
117
197
120
157
191
106
107
198
190
113
181
111
127
171
195
188
116
180
185
117
173
199
151
139
167
101
196
153
156
190
130
171
185
180
156
125
155
165
164
107
169
136
156
165
120
101
132
165
115
194
144
176
170
119
133
163
118
192
135
185
177
125
178
123
